Block size: 128
Number of blocks: 1000
Total hv dimensions: 128000

Uncompressed B, the first 4 blocks
[0 0 0 0 0 0 0 0 0 0 0 0 0 0 0 0 0 0 0 0 0 0 0 0 0 0 0 0 0 0 0 0 0 0 0 0 0
 0 0 0 0 0 0 0 0 0 0 0 0 0 0 0 0 0 0 0 0 0 0 0 0 0 0 0 0 0 0 0 0 0 0 0 0 0
 0 0 0 0 0 0 0 0 0 0 0 0 0 0 0 0 0 0 0 0 0 0 0 0 0 0 0 0 0 0 0 0 0 0 0 0 0
 1 0 0 0 0 0 0 0 0 0 0 0 0 0 0 0 0 0 0 0 0 0 0 0 0 0 0 0 0 0 0 0 0 0 0 0 0
 0 0 0 0 0 0 0 0 0 0 0 0 0 0 0 0 0 0 0 0 0 0 0 0 0 0 0 0 0 0 0 0 0 0 0 0 0
 0 0 0 0 0 0 0 0 0 0 0 0 0 0 0 0 0 0 0 0 0 0 0 0 0 0 0 0 0 0 1 0 0 0 0 0 0
 0 0 0 0 0 0 0 0 0 0 0 0 0 0 0 0 0 0 0 0 0 0 0 0 0 0 0 0 0 0 0 0 0 0 0 0 0
 0 0 0 0 0 0 0 0 0 0 0 0 0 0 0 0 0 0 0 0 0 0 0 0 0 0 0 0 0 0 0 0 0 0 0 0 0
 0 0 0 0 0 0 0 0 0 1 0 0 0 0 0 0 0 0 0 0 0 0 0 0 0 0 0 0 0 0 0 0 0 0 0 0 0
 0 0 0 0 0 0 0 0 0 0 0 0 0 0 0 0 0 0 0 0 0 0 0 0 0 0 0 0 0 0 0 0 0 0 0 0 0
 0 0 0 0 0 0 0 0 0 0 0 0 0 0 0 0 0 0 0 0 0 0 0 0 0 0 0 0 0 0 0 0 0 0 0 0 0
 0 1 0 0 0 0 0 0 0 0 0 0 0 0 0 0 0 0 0 0 0 0 0 0 0 0 0 0 0 0 0 0 0 0 0 0 0
 0 0 0 0 0 0 0 0 0 0 0 0 0 0 0 0 0 0 0 0 0 0 0 0 0 0 0 0 0 0 0 0 0 0 0 0 0
 0 0 0 0 0 0 0 0 0 0 0 0 0 0 0 0 0 0 0 0 0 0 0 0 0 0 0 0 0 0 0]

Compressed B has length: 1000
[111  87  49  24 111  31  56  92  29  20 112  25   9  66  52 123  34  25
   7  49   0  77  89  18  77  15  44  23  24  96  69  51  67  84  99  90
  52  61 119  16  62  94  79 108  68  48   8  76  15  91 117  29   2  97
   6   8  82  92 119 112 116  87  15   0  39  92  93  95   9  85  61 116
  69  68   6 106  41  23 112  60 120 115  10  99  75  67  34  61  62 116
  14  55 124   3  76  29  62  86  28  23  57  77  15  22 110  22  79  91
 110  53  70  54  49  69 100 117 102 102   2  16  35 125  65 104  23  99
   9 119  52  86  69  46  83  75  73  66  94 103 102  14  33  93  97  92
 107  37  47  59  65  82  34  59  61   5 118  97  73  31  53 102 117  50
 115  63  18  51 123  21   4 119 117  43  79 109   7 123  83   5  92 110
   5  87  69  48  40 112  53 112  60  47 125  58  90  39  48  13 101 103
  38  62  89  66  11  96  44  88  56 117  84   4  51  99  67  44  35  30
  14  79  75 102 125  42  35  23 108  15  49  54  41 122  69  12 108  72
 114  43 124  42  69  97 115  13  84   8 111  13  67   3  32  97  95  24
   2   4   2 112   7  79  16  79 118  60  20  95  92  84  91  89   6  89
 127  76   5  93 105   4 123  48  94   3  86  43  72   3  14  76 125  56
 113 107  93  16  63  33  48  95  85  97  79  86  13 123  35 116 120  24
  59  39  52 104  76  91  18 115 117 109  96  69  84   4  27 127 106  70
  76  35  88  68 107  25  77  46   3  43   3   5  43  95  33  12  34  95
  46  75 103  17  12  47 112  59  25  38   4  16  96  77   6  80  99  88
 123 109  54  91  19  22 104 117 108  26  83  83   4  92 121  95  14  58
   1  57 115  83 122  41  54 117   9 127  42  92  54  20  15  90  51 110
  61  61  19  29  77  74  12  86  94  57 107 113   3  26  17  79 114  16
   1 121  64 104  15  24  96 105  99  17 114  32  96 114  71  83   4  78
  35  20  81 115 107  86  69  20   0  73  68 107  63  40 121  72  14 119
  59  24 104  57  63 104  82  55 111  94 124  57  46 110  18 125 106  55
  24  57  42  11  55  86  78 108  36  35  27  48  75  24  76  86  90  69
  71   3 111 118  70 110  97  22  70 101  38  24  67  83  83  85  19  83
  56  60  51  10  13  28  50  44  73  95  23  31  56 115  85  55  87  48
   4  87 108  99 113  54  58 117  45  86   0 104  61  39  86   8  84  97
  52 119  52  23  39   1  18 103  37 106 109 122  90  68  60  84  58  12
 115  72  69  53  87  52 112 100  98  77  54  82 120   6  76   7  76  21
  19 118 125  40  72  31 118 125  40  40   1  29  81  34  43  83  31  84
  55  85  55 101 110  31  87  51  34 127  34  10  54  40  37  79  40  17
 119  58 121  54  53 114 117  26 113  77  45  70  60  39  41  33  95 116
  99  72 108  33  65  70  39  88  49 124 116  92  63 115 116  81  68  41
  51   7  96  31 118 100  21  25  36 102  44  58  23  45  51   9   2  12
  40  23  14  11  94  82   8  74  76  42  29  84  24  34 106   9  91   9
  83  77  63 111  25  76  95  65  72 105  46  94  79  85 121 105 110  91
  72  91   3  62  76  55 101  13   6  80  90   3  51   2 121  38   5  55
  46  24  46   6  48  58  80  49  20  10 112   3  49 118  39  83  91  87
  54  21  72 120  64  14  52  56 122  79  22  91   6  85   7  39  54 114
 108  33  31  71  53  24 123   3  12 119 121 123   3 123  46  62 112  47
 127 127  75  55  27  36  11   1  65  95   3 107  65 101  64  88 114  32
  63  51  77  48 114 123 111  42  98  93  83  52 108  84  25  30  69  33
  51  26  65  91 111  20  46 109  86  62  88   5  81  79  77  52  89  51
  90  22  97  34  21  41  54 116   7  91  92  63  42  97  32  39 124  29
  71  84  86  24  16  19  83  66  35  53  41  74  54  58  45  92  23  44
  98  90  34   7 127  48  83  35  29 117  43  69 102  93  65 127  87   7
  35   6 112  80 109  67  95  11  34 115  78 106  66   3 113 107  54  91
  19  41  66  78 106 115  66  20 124 111  73  76 117  95   6  70  57  23
  73   6  22 104  75 113  29   1  44 102  10  74  69  48  65  59 116  40
 126  61  64  22  21  93 116 110 117 120 115  21  66  19  72  74 120  78
  87 108  67  52  14  14  19  71 104 123  30  70  27  16  88 117 119 110
 121  56  58   0  85  70 104  79  56  13  77  41  19  98  43  13 122 113
   2  28  84 124  71  52  94  30  70  33]

A to C similarity 0.005
B to C similarity 0.007
A to B_rec similarity 0.004
C to B_rec similarity 0.007
B to B_rec similarity 1.0

Cosine similarity between HV 0 and bundle: 0.2350
Cosine similarity between HV 1 and bundle: 0.2230
Cosine similarity between HV 2 and bundle: 0.2160
Cosine similarity between HV 3 and bundle: 0.2020
Cosine similarity between HV 4 and bundle: 0.2000
Cosine similarity between NOISE and bundle: 0.0120
