Block size: 16
Number of blocks: 1000
Total hv dimensions: 16000

Uncompressed B, the first 4 blocks
[0 0 0 0 0 0 0 0 0 0 0 1 0 0 0 0 0 0 0 0 0 0 0 0 0 1 0 0 0 0 0 0 1 0 0 0 0
 0 0 0 0 0 0 0 0 0 0 0 0 1 0 0 0 0 0 0 0 0 0 0 0 0 0 0]

Compressed B has length: 1000
[11  9  0  1  4 14  4  8 15 12  3  3  9  2  3  9  4 10  6  7  5  1  1  1
  2 13  6 11  0  4 12 15 13 12  1  8  4 15 12 13 15 15  0  6 15  5 15  3
  8 13  3  5 13 15  1  4 10 10  4  9  3  9 14  9  4 10  4  6  2  2  0 13
 11 11 15  3 10 14 10  8  1  6 15  5  4 10  1  3  3  3  6 10  2  0 14 11
  5  0 10 11 15  2  5  4  4 13  9  7  6  8  4  7  4 15  0  9  8  7 10 14
  3  3  7 14 14  1  7 13  8  2  1  8 15 13  5  1 11 14 11  3  7 10 13  3
 10 15  8 15  8  4 14  7 10  0  2  3 10  5  5 13  1 13  7  5 13 11  7  5
 14  5  2  4  3  4  1 15 10 11 15 12  0 11 14  4 14 11  1  5 10  6 13 11
 15 12 15  5  2 15  2  4  2  7  1  5  1  0  2  2  7  4  3  2 12  6  2  5
  4  8  8  8  1  8  7  9  0  5 12 10 15  8 13  6 15  4  3  2 11 14  7  0
  6 14 11 15  8  8 10  9 11  6  6 15 15 11  6  8  8  5 11 10  8  5  9 12
  5  9  5  7 10 13  1 12 15 10 13  3  0  2  4  2 10  1 15 14  7 15  5 12
 10  4 15 12 10 15 13  0  8  0  3  3 15 14  0 12  2  4 15  4 12  7  1 15
  2 12  3 13  2 11 14  8  7 15  5 12  6  5  0  3 11 10 14  0 13  5 10  4
  7  5  5  0  4  9 11 14 11  3  1  0  5 12  7  5 13  1  9 11  5  3 14  5
  1 15  6  3  4 10  7  9  4  9 13 13  9  4  3  9  1  6 12 15  4  8  4 12
 10  0 10  9  1  3  3  9  3 10  7 13 11  7 11  3 14  4 14  2  8  2  8  8
  3  7  4  7  7 13  3  9  6  0 15 13 13 14  9 12  8  1  1 11 11 15  8  4
 13  3 12  9 10 14 14  7  0  3  0 12  1  8  2 14  6  7 10 11  9  6  1 10
  3 15  7 11  1  1  4  8  9 11  4  4  8 12 15  1  3  9  1  9  8  6 14  4
  4 15  9 13  1 12 15 14 11  2  2  1  4 13  0 10 10  3  2  6  5 10  4 12
 13 15  8 13  3 14  1  7 11 14 10 13  7 15  7  4  4  6  4 10  3 13 11  6
  5 12  4 15  4  2 11  1  0  9 10  5 13  1  7  9 11 14  3 15 15  1  2  5
  4 15  0  5  9  4  7  3  1  1  5 13  0  4  9  2  2  4 11  3  3 10 14 11
 12 15  1  2  0  8 14 12 12 12  2  8  8  2 12  5  6  5 12 12  5  3  5 12
  6 13  3 10 12  9  6  2  1  4  0  8 11  8  4 14  8  6 11  6  8 10  4  3
  4  9 12  9 11  9  1  8  5 14  8 11 13  2  5  4  1 11 14 15  9 13 10  9
  4  6 14  6  0 12  4  8 10 15 14  1  4 10  9  1 10  5 10  9  9 10 13  5
  2 14  2 10  1  8  7  4  6 12 10  9  7  8 15  7  3 11 15 15 14  5 15  3
  5  7  6  4  7 13 14 14  0  9  8  0  2  3 14 12 13  4  5 12 10  4  3  1
  7 10  9 10  4 14  0 11 13  8  7  9  5  7 15  8 13 11 12 14 11  5  8 13
  4 13 10 12  9 10  7  2 12 14 10 11 10 11 10 13  4  5  1  3 10  1  2  7
 14  9  1 13  6  3 14 14 13  5  2 12 15  1  2  8 11  7 10  7 11  5 14 11
  4 11  5  3  5  5  6  7 12  3  2 14  9 14 12  2 11 14  5  1 12  3  1 10
  3  7  1  3 13  4 10 10  2  2 10 11  8  5  6 14  1 12 12  3 10 11 11 14
  3  9  5 12 10 15  8 11  8 12 10 14 11  1  5  2  6  8  1  4 10 11  3 15
 13  4 13  7 13  9  2  2  5 13  8  5 13  0  4  9  9  1  3  1 14 12  7  2
  7  6 14 15  4  7  1 11  6 10  2  5  0 15 12 11  6 14 13 13  5 11 10  5
  0 13 13 14 15  1 15  5 10  5 15  4  3  3 12  7  3  4 12  1  0  5  5  9
  4 12 11 15 10  9 10  1  5  5 12  5 10 11 15  5 14 13  3  7  9 10  7  4
  3  3  2 13 13 10  8 11  1  2  4 15  3  7 13  0  5  9  3  9 11 10 11 11
  1 13 14 13  4  5  5 14  2  1  1  2  4  5  8 15]

A to C similarity 0.039
B to C similarity 0.051
A to B_rec similarity 0.062
C to B_rec similarity 0.051
B to B_rec similarity 1.0

Cosine similarity between HV 0 and bundle: 0.3200
Cosine similarity between HV 1 and bundle: 0.3100
Cosine similarity between HV 2 and bundle: 0.3000
Cosine similarity between HV 3 and bundle: 0.3120
Cosine similarity between HV 4 and bundle: 0.2950
Cosine similarity between NOISE and bundle: 0.0550
