Block size: 2
Number of blocks: 1000
Total hv dimensions: 2000

Uncompressed B, the first 4 blocks
[1 0 1 0 0 1 1 0]

Compressed B has length: 1000
[0 0 1 0 1 0 0 1 0 0 0 0 1 0 1 1 0 1 1 0 1 1 1 0 0 0 0 0 0 0 0 1 1 1 1 0 1
 1 0 0 1 0 1 1 1 1 1 0 1 1 1 1 1 0 0 1 1 0 1 1 0 1 0 1 0 0 1 1 1 0 0 1 0 0
 0 0 0 0 1 1 0 1 1 0 1 1 1 0 1 0 0 0 0 0 1 1 1 1 1 0 0 1 1 1 1 1 0 1 0 0 1
 0 0 0 0 1 0 1 0 1 0 1 1 0 1 0 1 0 0 1 1 1 0 1 0 1 1 1 1 0 1 1 1 1 1 0 1 1
 1 0 0 0 1 0 1 1 1 1 0 0 1 1 0 0 1 1 1 1 0 1 1 0 1 1 1 1 1 0 0 0 0 0 0 0 0
 1 0 0 1 0 1 1 1 1 1 0 1 1 1 1 1 0 0 1 0 0 0 1 1 1 0 0 0 0 0 0 1 1 1 0 0 1
 0 0 1 0 0 1 0 0 0 1 0 1 1 0 0 1 0 1 1 0 1 1 1 1 1 1 1 1 1 1 0 1 0 1 0 1 1
 1 1 0 1 1 1 0 0 1 0 1 0 0 1 0 0 1 0 1 1 0 1 1 0 1 0 1 1 0 0 1 1 0 1 1 1 0
 1 1 0 1 1 1 1 0 1 0 1 1 0 0 1 1 1 0 0 1 0 1 0 1 0 0 1 1 1 1 0 1 1 1 1 1 1
 1 1 1 0 1 0 0 0 1 1 0 0 0 0 1 1 0 1 0 1 1 0 0 1 1 1 0 1 1 0 1 0 1 1 0 1 0
 1 1 1 0 0 0 1 0 0 0 0 0 1 1 0 1 0 0 0 1 0 1 0 0 1 1 1 0 0 1 0 0 0 1 0 1 1
 1 0 0 1 0 1 1 0 0 1 1 0 1 0 0 1 0 1 0 1 1 1 1 1 0 0 1 1 0 0 0 0 1 1 1 0 0
 0 0 0 0 0 0 0 1 1 1 1 0 1 1 0 0 1 1 1 0 0 0 1 0 0 1 0 1 0 1 0 0 0 0 0 0 0
 1 1 0 0 0 1 0 0 1 1 1 0 1 1 0 1 0 1 0 1 1 0 1 0 1 1 1 1 1 0 1 0 0 1 0 0 0
 0 0 0 1 1 0 1 1 0 0 1 1 0 1 1 1 1 0 0 0 0 1 0 1 0 0 1 1 0 0 1 1 0 1 0 1 0
 1 0 1 0 0 1 1 0 0 1 1 1 0 1 0 1 0 0 0 0 0 0 1 1 0 0 1 0 0 0 1 1 0 0 0 1 1
 1 0 1 1 1 0 0 0 0 0 1 0 0 0 0 0 1 1 1 1 0 1 0 0 1 1 1 1 0 0 1 1 0 1 1 1 1
 0 1 0 1 0 1 1 1 0 1 1 1 1 1 1 1 0 0 0 0 0 0 0 0 0 1 1 1 1 0 0 0 0 0 1 0 1
 1 0 0 1 1 0 1 1 1 1 0 0 1 0 0 1 1 0 1 0 1 1 1 0 1 1 0 1 1 0 0 0 1 1 0 1 1
 1 1 1 0 0 1 1 1 1 1 1 1 0 1 1 0 1 0 1 1 1 1 0 1 0 1 1 0 1 1 0 1 0 0 0 0 1
 0 0 1 0 1 0 0 0 1 1 0 0 0 0 1 0 0 1 0 1 0 1 0 1 0 0 0 1 0 0 0 1 1 0 1 1 1
 1 1 1 1 1 1 0 1 1 1 1 1 0 0 0 0 1 0 1 1 0 1 0 0 0 1 1 1 1 0 1 0 0 1 1 0 0
 0 0 1 1 1 1 1 1 0 1 0 0 1 0 1 0 0 0 0 1 1 1 0 0 0 1 1 0 1 0 0 1 1 0 1 1 0
 1 0 1 1 0 1 1 0 0 0 1 1 0 1 0 1 1 0 1 1 0 1 0 0 0 1 1 0 1 0 1 0 0 0 0 1 1
 0 1 0 0 0 1 1 0 0 0 1 1 1 0 0 1 0 0 1 0 1 0 1 0 1 0 0 0 0 1 1 0 1 1 1 1 1
 1 1 1 1 0 1 0 1 1 1 1 1 0 0 0 0 1 1 0 0 0 1 1 1 1 1 1 0 0 0 0 0 1 0 0 1 1
 0 1 1 0 1 0 0 1 0 1 1 1 0 0 1 0 1 1 0 1 1 1 0 1 1 0 1 0 0 1 0 0 0 0 1 1 0
 1]

A to C similarity 0.473
B to C similarity 0.5
A to B_rec similarity 0.507
C to B_rec similarity 0.5
B to B_rec similarity 1.0

Cosine similarity between HV 0 and bundle: 0.6890
Cosine similarity between HV 1 and bundle: 0.6830
Cosine similarity between HV 2 and bundle: 0.7080
Cosine similarity between HV 3 and bundle: 0.6740
Cosine similarity between HV 4 and bundle: 0.6700
Cosine similarity between NOISE and bundle: 0.4970
