Block size: 32
Number of blocks: 1000
Total hv dimensions: 32000

Uncompressed B, the first 4 blocks
[0 0 0 0 0 0 0 0 0 0 0 0 0 0 0 0 1 0 0 0 0 0 0 0 0 0 0 0 0 0 0 0 1 0 0 0 0
 0 0 0 0 0 0 0 0 0 0 0 0 0 0 0 0 0 0 0 0 0 0 0 0 0 0 0 0 0 0 0 0 0 0 0 0 0
 0 0 0 0 0 0 0 0 0 0 0 0 0 0 1 0 0 0 0 0 0 0 0 0 0 0 0 0 0 0 0 0 0 0 0 0 0
 0 0 0 0 0 0 0 0 0 0 0 1 0 0 0 0 0]

Compressed B has length: 1000
[16  0 24 26  5  4 31 20 26 14 16 23 25 31 22  5 10 14 11 27 22 29 11  3
 30 26 25  2 18  1  5 24  5 20  0 12 13  5 26 23 20  8 20 31 23 28 11 31
 11 10 14  9 16 11  4  3 13 29  7 18  2 18 27 18 28 11  2  8 11  5 12 31
 19 20 24 12 29  2 29  4  0 18 22 11 27  9 15 30 30  8  9  1  3 30  6  6
 24  2 17  2  1 30  1 22 13 13 25  3 26 25 30 23  6 22 17 28 31 11 24  4
  7 22 23 23 11 26 26 19 28 15 29 11 10  3 30 13  7 15 16 24 23 24 17  5
  4 25  9 25 22 14  5 26 10 26 24  4  5 22 21  7 18 29 26  1  1  9  4 27
 12 18  4 13 31 18 26  4 26  7  8 12 21 23 23 13 23 18 17 26 19 31  1  8
  9  6 18 22  1 25  6  1  1  6  8 27 28 11  9  7  0 23  9 10 10  5 12  8
  5 24 29 25 16 13  5  9  0 30 23  6  5 19 31  3 25  8 27  4  5 28  9 16
 24 12 13 30 20  9 22 11 16 28 24  5  7 11 17 17  1  2  1 22 21 14 19 24
 19 29 30  2 22  1  1  3 10 16 21  4 10 22  6 11 14 19 14  1 17 12 11 16
 17 30 27  4 21 31  9 25 22  3  6 13  2  6 12 25  7 26  4 21 27 23 12 20
 30 15  5  7 24 27  9  4 31 30 20 10 22 15 22  0 24  2 28  3 10 31  3 14
 21 13 11 31 20 11 21  3 25 21 15  8 16 28  8 11 24 16 11  3  2 26 23 16
 30 17 11 21  4  5  8 16 25 28 14 20 28  9 19 22  1 19  2 17 24 10 13 14
  0  1 25 10 14 24 31 23  4  0 16 29 31 20 21  6 26 24 27 29  9 29 14 26
 11  5  1 16 13 16 11 20 16 13  9 12  1 15  6 30 17  5 25 11  5 15 26 14
  8  9 26 28  8 24 30 27 16 10  8 19  5 11  9 23  4 14 23 19 10 13 23  4
  4 15 17  9  6 28  1 19 23  1  5 10 19 17  8  5  2 19 22 13 11 22 31 13
 24  0  9 13 14 14  9 14 26 24 29  3 23  1 10 31 18  4 17 19  6  0 22 13
 17 23 23 20 14 25 16 25  6 13  0 11  9 20 25 30  5  7 23 27 19 19  6 21
 25 19 24 20 17 15 11 24 29 20 14 10 20 19 31 27 11  1 18 25  2 13 29 27
 23  9 31 12  2 14 29 29 17 24  6 25 17  9  6  1 20 26 29 28 31 10  3 18
 13  4  5  5 15  0 18  3 13  2  6 20 26  4 30 15 15  0  4  1 11 12  6 28
 14 26 24  1  9 23 24  6  0 12  5 19  2  6 22  1 24  1 21 27 24 14 24 17
 11  0 20  8  6 31 14 26 26  1  1 14 26 27  8 19 24 15  1 18  2 10 21  0
  4  0 13 27 26 24 27 11 30  6  1 17  3  6 13 12 30 28 11 19 22  9 13  2
 19  5 14  3  9 15 31 19  9  5 26 24 13 16 19  6 16 20 20 16 27 13 14 17
 17 24 24 10 19 23 17 26  9  0 29  7  9 26 23  6  4 31  6 19  3 23 22 13
 10 15 16 12 13 23  7  7 12 27  4  1 17  1 11  6 21  8  9 11 10 21 18 26
 12 26  2 23  5 27 19  8 29 20  4 10 11 17  5 22 16  1 17 11 13 11 19 18
 28 20  0 11 15 11 10 24  5 21  4  2  6 30 22 21 16 18 27 11  4 16 16 13
 17 20 20 23 26 25 20 19 20 22 27  2 14  3 22  9  2 20 25 20 20 21  1  4
 31  0 22  1 20 27  5 16 27  3  1 24 31  5  2  3  1 19  4 25  2  9 27 18
  4 30  8  6 31 11 31 28 29 23 18  9 29 19  6  1 15  0 19 26 26  0 21 16
  9  2  0 30 31 18 29 28 24 24 12 29 21  6 18 10 17  1 25  8  5 11 13 26
 18 10 18 18  0 24 28 19 24  5 22 28  8 30 14 12 21  9 22 27 11 10 25 21
  8  9 19 27  6  2 12 28 15  2  3 20  8  6 31  0  8 29 25 20 16 14 16 21
 27  0 11 23 21  5 23 24  0  6 30 12 29  6 22 25 22  2  3 10 16 27  6 20
 19  2 29 27 17 23  8 17 13  1 17 27 28 17 11 26 18  3  2 12  8 17 30 25
  4  5 21 31  1 31 24 24  5  1 15  4 17  3 31 31]

A to C similarity 0.027
B to C similarity 0.028
A to B_rec similarity 0.027
C to B_rec similarity 0.028
B to B_rec similarity 1.0

Cosine similarity between HV 0 and bundle: 0.2630
Cosine similarity between HV 1 and bundle: 0.2530
Cosine similarity between HV 2 and bundle: 0.2130
Cosine similarity between HV 3 and bundle: 0.2750
Cosine similarity between HV 4 and bundle: 0.2730
Cosine similarity between NOISE and bundle: 0.0290
