Block size: 3
Number of blocks: 1000
Total hv dimensions: 3000

Uncompressed B, the first 4 blocks
[0 1 0 1 0 0 1 0 0 0 0 1]

Compressed B has length: 1000
[1 0 0 2 2 2 2 1 1 0 1 2 0 0 0 1 2 2 2 1 0 1 2 2 1 2 0 0 1 1 2 0 0 1 0 2 0
 1 2 1 0 0 0 2 1 0 2 0 1 2 2 0 2 1 0 0 2 0 2 2 1 0 1 2 2 2 0 2 0 1 2 0 2 1
 0 0 0 0 2 0 0 0 1 0 1 1 1 0 2 1 2 1 0 1 0 0 0 1 1 2 2 1 2 1 1 2 2 0 1 0 1
 1 2 0 1 2 0 2 2 1 0 2 0 1 2 0 1 0 1 2 0 1 1 0 2 0 1 0 2 2 2 1 2 2 1 0 0 0
 2 1 0 1 2 2 2 1 1 1 1 2 2 1 2 0 1 1 2 1 2 0 0 0 2 0 2 1 2 0 1 1 0 2 1 2 1
 2 1 1 1 2 2 0 1 0 1 0 1 2 2 0 2 2 2 0 0 2 2 1 0 2 0 0 2 2 2 0 2 1 2 2 0 0
 2 0 2 0 2 0 2 0 1 1 2 1 2 2 2 2 0 0 0 2 0 1 2 0 0 2 1 0 0 2 1 0 0 1 1 0 0
 0 2 0 1 1 0 1 0 2 1 1 2 0 2 1 1 0 2 2 0 0 0 1 2 2 2 2 1 0 0 1 1 2 1 0 1 2
 1 2 0 2 1 2 1 0 0 1 2 2 1 0 0 0 2 1 1 1 1 2 1 1 2 0 0 1 2 2 0 1 1 0 0 1 1
 2 2 0 2 2 0 0 0 2 1 0 0 2 0 0 2 0 0 1 1 1 0 1 2 0 1 1 2 2 2 2 0 1 0 1 0 1
 1 1 0 1 1 0 0 0 2 0 2 0 0 2 2 0 1 1 2 1 0 2 2 2 2 0 1 0 2 0 1 2 0 0 0 0 0
 1 2 0 2 0 0 0 0 1 1 1 0 2 1 0 0 2 0 0 1 2 0 2 0 0 1 2 1 0 1 0 1 2 0 2 2 2
 1 2 2 0 0 1 0 0 0 0 2 2 0 0 1 2 0 0 0 0 1 1 0 0 0 2 2 1 2 1 1 2 2 1 2 0 0
 2 2 2 0 0 2 1 1 0 0 0 2 0 2 2 2 1 1 0 0 0 0 1 2 0 1 2 0 2 1 2 1 2 0 0 1 1
 2 2 1 0 0 0 2 2 2 0 1 0 0 0 1 0 0 1 1 2 0 2 2 1 0 1 2 0 2 1 0 1 1 0 0 1 2
 1 1 0 0 2 2 1 0 2 0 1 2 2 1 2 0 2 2 0 2 0 1 0 2 1 1 2 0 2 2 2 1 0 1 2 0 0
 1 1 0 1 0 2 0 0 2 0 0 1 0 2 2 0 1 2 1 0 1 0 0 2 0 0 0 0 2 2 2 1 1 2 1 2 1
 2 0 0 1 1 1 1 2 1 0 0 2 1 2 1 1 0 1 0 2 0 1 2 1 2 1 0 2 1 1 2 1 0 0 0 1 2
 0 0 0 2 0 0 2 1 0 2 2 0 2 1 1 1 0 1 2 2 1 1 0 2 0 1 1 0 1 1 1 2 2 2 2 2 0
 2 0 2 1 0 2 2 2 1 2 0 2 2 2 1 0 2 0 1 0 2 2 0 2 1 2 2 2 0 0 1 1 1 2 2 0 0
 0 0 2 1 2 1 0 0 1 0 0 1 1 1 0 1 0 1 1 2 1 2 1 1 2 0 2 0 2 0 1 0 1 2 0 0 1
 0 0 0 2 2 1 2 1 1 1 1 0 1 2 0 1 1 1 2 1 2 0 2 1 1 0 1 1 2 1 1 2 0 2 2 1 1
 2 0 2 2 0 2 1 2 0 2 0 0 0 1 1 1 2 1 1 1 1 0 2 2 2 2 1 0 0 2 1 0 0 1 1 1 1
 1 0 2 0 2 2 0 2 0 2 0 1 1 2 2 0 0 2 2 1 2 1 2 2 2 0 0 2 1 2 0 1 0 0 1 2 2
 0 0 0 0 0 1 0 2 2 0 0 0 2 0 2 2 2 2 0 0 2 1 2 0 1 0 2 2 0 1 0 2 2 2 1 0 1
 2 2 2 2 1 0 0 2 2 1 1 0 0 1 0 2 0 1 0 0 1 1 1 1 2 2 0 2 2 0 0 1 1 0 1 1 0
 0 0 0 0 0 1 0 2 0 0 2 2 1 2 2 2 1 2 2 0 0 1 2 2 2 2 0 1 1 2 0 0 0 2 1 1 0
 0]

A to C similarity 0.359
B to C similarity 0.338
A to B_rec similarity 0.341
C to B_rec similarity 0.338
B to B_rec similarity 1.0

Cosine similarity between HV 0 and bundle: 0.5760
Cosine similarity between HV 1 and bundle: 0.5260
Cosine similarity between HV 2 and bundle: 0.5630
Cosine similarity between HV 3 and bundle: 0.5520
Cosine similarity between HV 4 and bundle: 0.5540
Cosine similarity between NOISE and bundle: 0.3100
