Block size: 4
Number of blocks: 1000
Total hv dimensions: 4000

Uncompressed B, the first 4 blocks
[0 0 1 0 0 0 1 0 1 0 0 0 0 1 0 0]

Compressed B has length: 1000
[2 2 0 1 2 0 3 0 0 2 3 1 3 0 3 3 1 0 3 1 3 3 0 3 0 2 2 1 3 2 1 1 1 1 0 2 1
 3 2 2 0 0 2 2 1 3 2 0 0 0 2 3 3 0 3 2 1 0 2 0 1 2 2 2 2 1 2 2 0 1 0 2 1 0
 2 0 0 3 1 3 1 1 0 3 1 1 2 2 3 1 1 3 2 3 3 0 3 0 2 0 3 1 2 1 2 2 3 1 2 1 1
 0 3 2 1 0 0 1 3 2 2 1 0 2 0 3 0 0 2 1 2 1 2 1 1 1 1 0 1 2 0 3 3 1 2 1 2 2
 1 2 0 0 2 0 0 0 3 3 1 1 1 3 2 2 0 1 1 1 3 1 1 3 2 3 0 1 0 2 0 1 3 2 2 0 1
 1 2 0 3 1 0 3 1 0 1 1 2 3 3 1 1 2 1 2 3 3 3 1 0 2 0 2 2 1 3 1 1 3 2 2 0 3
 1 1 2 2 1 1 1 0 1 2 3 3 3 2 0 1 0 1 1 1 0 3 0 0 3 0 2 3 3 1 1 0 1 1 1 0 1
 1 2 0 1 2 1 1 2 2 1 3 0 1 2 0 3 0 3 2 1 2 3 3 3 2 0 0 0 1 0 1 2 3 1 1 2 1
 1 1 3 2 0 2 2 0 3 2 1 2 0 0 0 1 1 0 2 2 2 2 3 0 2 3 3 3 3 1 2 2 0 1 3 2 3
 2 2 3 2 3 1 2 3 0 1 2 0 0 1 2 0 0 0 3 0 0 1 0 2 3 2 0 1 1 0 2 2 2 2 2 2 3
 2 1 2 2 0 3 3 3 3 3 0 1 3 3 3 0 3 2 3 3 1 3 3 0 1 2 2 3 1 1 3 0 1 3 2 1 0
 0 2 0 0 0 0 1 3 2 2 0 1 0 1 1 0 1 2 1 0 2 2 2 2 3 0 0 3 3 2 1 2 2 1 2 0 2
 3 1 0 3 1 1 0 0 1 1 0 1 1 2 3 0 3 3 1 1 0 1 2 0 3 2 0 2 0 2 2 3 0 1 0 1 3
 2 2 3 1 1 1 2 3 0 3 2 0 3 3 0 1 1 1 0 1 0 0 0 2 2 3 2 0 1 2 1 3 0 3 2 0 2
 0 3 3 0 2 2 1 3 2 0 3 3 1 0 1 2 0 2 3 0 2 0 3 1 3 3 1 0 0 0 1 1 3 1 0 2 0
 0 2 0 1 0 0 2 1 1 0 2 1 1 0 3 2 3 2 0 0 0 3 1 1 1 3 0 2 2 0 0 1 1 1 1 1 3
 2 0 1 0 3 2 1 1 3 3 1 3 1 2 3 1 3 3 1 2 2 2 2 0 1 0 0 2 1 2 2 2 0 1 3 0 2
 1 1 2 2 0 2 2 3 3 2 1 1 1 3 0 0 2 2 1 0 3 3 0 3 2 2 1 2 3 1 2 1 0 3 3 3 3
 1 0 2 2 0 0 3 0 1 2 0 3 1 0 3 0 3 0 0 2 2 0 3 2 2 1 0 1 0 2 2 2 2 0 0 2 2
 2 1 3 3 2 2 1 1 1 0 3 3 3 1 2 2 3 2 3 1 1 3 0 0 2 1 3 2 2 3 3 3 0 0 2 3 2
 0 1 1 0 1 0 2 1 2 1 2 3 3 3 2 0 1 0 2 2 3 2 3 1 1 1 1 3 2 1 2 2 2 2 3 3 2
 2 0 3 3 3 2 2 1 3 0 0 2 0 1 0 3 0 1 3 1 2 2 1 1 3 2 3 3 3 1 3 1 2 2 0 3 2
 1 0 2 3 0 3 1 0 0 2 0 3 3 0 3 3 3 0 0 1 3 3 0 0 0 0 2 1 2 3 0 2 3 0 3 3 2
 2 1 2 3 1 1 2 0 3 3 3 1 3 1 0 3 0 2 1 0 0 2 1 2 0 0 1 1 2 2 1 1 1 2 3 1 3
 0 0 0 2 3 1 3 1 2 0 0 0 2 2 2 0 1 0 2 3 3 3 0 3 3 0 3 1 1 1 1 2 0 0 1 2 0
 0 3 0 2 1 0 2 2 2 0 0 0 3 3 0 0 3 1 2 1 3 3 2 0 0 3 2 2 1 3 0 0 1 3 0 3 3
 2 0 0 2 2 1 1 0 1 1 3 0 3 2 1 3 3 0 2 0 1 2 0 2 0 1 0 0 1 2 2 3 0 0 1 2 3
 2]

A to C similarity 0.253
B to C similarity 0.25
A to B_rec similarity 0.255
C to B_rec similarity 0.25
B to B_rec similarity 1.0

Cosine similarity between HV 0 and bundle: 0.5020
Cosine similarity between HV 1 and bundle: 0.4860
Cosine similarity between HV 2 and bundle: 0.4930
Cosine similarity between HV 3 and bundle: 0.5150
Cosine similarity between HV 4 and bundle: 0.4540
Cosine similarity between NOISE and bundle: 0.2490
