Block size: 5
Number of blocks: 1000
Total hv dimensions: 5000

Uncompressed B, the first 4 blocks
[0 1 0 0 0 0 0 0 0 1 0 0 0 1 0 1 0 0 0 0]

Compressed B has length: 1000
[1 4 3 0 0 2 2 2 1 3 1 4 2 0 0 2 2 1 3 2 1 1 0 1 3 2 0 2 3 0 2 4 0 2 2 0 2
 2 1 2 3 3 0 4 1 4 1 4 0 3 1 0 4 0 4 1 1 2 3 3 3 0 1 2 1 3 0 0 3 0 3 1 2 2
 0 1 4 0 1 1 3 1 2 4 3 1 3 0 1 1 3 1 4 1 2 0 1 2 2 4 0 0 4 3 2 0 1 2 2 3 2
 0 1 4 4 1 4 4 2 3 4 1 2 1 1 3 0 1 4 3 1 0 2 0 3 3 0 3 0 2 3 0 0 1 4 3 0 1
 0 0 2 3 4 4 1 2 4 0 0 0 2 1 0 0 2 2 4 3 1 0 4 2 2 3 4 2 1 2 2 4 0 0 3 2 0
 2 3 2 0 0 3 3 3 0 4 3 1 0 4 0 4 0 2 0 4 4 3 4 1 2 0 2 2 0 0 1 4 2 4 2 1 1
 0 1 0 2 1 0 4 4 0 1 4 1 4 4 2 0 3 1 1 1 2 0 2 2 4 2 2 1 1 3 0 3 2 4 4 4 3
 3 1 2 0 4 1 4 3 0 4 4 1 4 3 1 2 0 0 1 1 2 1 3 2 2 1 2 3 3 0 2 0 1 4 1 2 3
 2 0 2 4 2 3 0 2 2 0 1 4 2 2 1 1 2 4 0 2 0 0 3 2 2 4 3 0 1 3 1 3 2 4 4 4 0
 0 0 0 4 2 2 0 0 0 1 1 3 1 2 2 1 0 2 0 2 4 1 3 2 1 2 2 2 1 1 1 1 2 3 4 3 3
 4 2 1 4 0 2 2 1 4 3 4 0 2 2 3 1 0 1 2 0 1 2 2 1 4 0 1 4 4 4 2 3 3 1 1 1 3
 2 0 4 0 1 4 3 2 4 1 0 4 3 3 0 1 0 2 3 0 0 0 4 4 3 0 0 4 1 3 3 4 2 4 4 1 4
 1 2 3 1 0 1 3 2 2 2 2 0 0 2 0 2 3 3 0 1 0 3 2 2 2 2 1 3 3 4 4 3 4 3 2 2 4
 4 4 3 0 2 0 0 0 1 1 1 0 4 1 3 2 4 3 1 3 4 3 2 1 2 0 0 0 2 2 0 0 4 4 0 3 0
 0 2 1 4 4 2 3 4 0 1 1 1 0 4 0 2 1 2 3 1 3 2 2 4 3 3 2 2 2 0 4 3 1 1 3 0 4
 4 1 4 3 1 3 0 1 0 4 0 3 2 0 1 1 4 1 2 4 2 4 4 4 3 4 3 2 4 0 4 0 4 2 0 2 2
 3 1 2 3 1 2 4 3 1 4 3 2 3 2 2 1 0 4 3 0 0 0 4 0 1 0 0 1 3 4 4 3 1 0 3 1 0
 2 4 1 2 3 0 1 0 0 1 3 4 0 4 1 1 4 0 2 1 3 1 1 1 0 2 0 3 3 0 4 4 3 1 4 2 1
 2 0 3 3 1 1 2 3 2 3 1 1 2 4 4 1 0 0 2 1 1 2 3 1 1 2 2 1 1 0 2 3 0 3 3 1 3
 2 2 1 0 4 0 3 1 1 3 3 4 3 4 3 0 4 3 3 1 4 1 1 3 0 0 2 3 2 4 3 2 1 3 3 0 3
 0 0 1 3 0 1 3 1 1 1 0 4 1 4 1 0 3 2 4 3 0 2 0 4 0 1 4 3 4 4 3 3 1 0 1 1 0
 4 1 0 1 3 0 0 4 3 2 4 3 2 3 0 3 2 3 0 1 4 4 2 4 0 2 3 0 4 3 4 4 4 3 0 3 1
 0 4 0 3 0 4 2 2 4 2 2 0 4 2 1 1 4 2 4 2 2 2 1 4 3 3 2 4 0 1 0 1 0 0 1 1 3
 0 0 1 1 3 0 2 2 1 2 2 2 2 0 2 3 4 2 3 3 3 3 2 4 1 0 4 3 0 0 0 3 4 1 0 3 0
 3 2 4 0 0 0 0 3 2 0 0 2 3 4 3 1 0 2 2 2 4 2 4 4 4 3 2 4 0 1 0 2 3 1 2 4 3
 4 2 1 4 0 4 2 0 2 4 3 2 1 2 0 3 3 4 4 3 3 3 3 0 4 2 1 0 3 1 0 3 3 0 3 0 2
 3 4 3 1 2 2 2 3 2 1 1 0 3 3 2 0 4 4 4 3 4 3 3 3 0 0 1 2 2 2 0 0 0 1 1 1 0
 3]

A to C similarity 0.218
B to C similarity 0.194
A to B_rec similarity 0.192
C to B_rec similarity 0.194
B to B_rec similarity 1.0

Cosine similarity between HV 0 and bundle: 0.4710
Cosine similarity between HV 1 and bundle: 0.4830
Cosine similarity between HV 2 and bundle: 0.4470
Cosine similarity between HV 3 and bundle: 0.4350
Cosine similarity between HV 4 and bundle: 0.4420
Cosine similarity between NOISE and bundle: 0.2070
