Block size: 64
Number of blocks: 1000
Total hv dimensions: 64000

Uncompressed B, the first 4 blocks
[0 0 0 0 0 0 0 0 0 0 0 0 0 0 0 0 0 0 0 0 0 0 0 0 0 0 0 0 0 0 0 1 0 0 0 0 0
 0 0 0 0 0 0 0 0 0 0 0 0 0 0 0 0 0 0 0 0 0 0 0 0 0 0 0 0 0 0 0 0 0 0 0 0 0
 0 0 0 0 0 0 0 0 0 0 0 0 0 0 0 0 0 0 0 0 0 0 0 0 0 0 0 0 0 0 0 0 0 0 0 0 0
 0 0 0 0 0 0 0 0 0 0 0 0 1 0 0 0 0 0 0 0 0 0 0 0 0 0 0 0 0 0 0 0 0 0 0 0 1
 0 0 0 0 0 0 0 0 0 0 0 0 0 0 0 0 0 0 0 0 0 0 0 0 0 0 0 0 0 0 0 0 0 0 0 0 0
 0 0 0 0 0 0 0 0 0 0 0 0 0 0 0 0 0 0 0 0 0 0 0 0 0 1 0 0 0 0 0 0 0 0 0 0 0
 0 0 0 0 0 0 0 0 0 0 0 0 0 0 0 0 0 0 0 0 0 0 0 0 0 0 0 0 0 0 0 0 0 0]

Compressed B has length: 1000
[31 59 19 18 47 51 46 22  8 40 57 47  4 26 53 11 34 15 34 33 52  7 51 43
 57 36 22  8 27 40 57 57 52 45 17 54  6 31 42 33 50 58 19 19 45 20 44 10
 16 51 40 22 51 19  6 24  5 38 19 35 39 51 11 29  3 51  2 53 31  8 20 34
 22 62 45 21 50 32 43 27 29 29 22 49 59 55 34 46 35 50 54 27 44 61 33  0
 38 37 47 58 61 57 24  3  3 45 24 31 55 24 15 25 55 16 32 18 18 11 25 22
 19 30 38 32 26 35 32 27 25 13 39  8 23 20 59 18 61 20 48 40 16 59 36  5
 45 38 45 45 25  7 25 31 47  5  4  3 12 25 33 45 57 48 47 36 31 25 29  6
  5 52  4 60 40 48 63 35 43  8 33  9 43 39 50 57 62 55 38 48 16 39 41 29
 29 57  4 57 58 41 47 57 51 23 17 12 20  9 22 62 13 61 19  1 38  1  6 45
 50 43 51 53 10 61 47  1 31 13 41 17  7 25 22 63  4  6 33 26 13 56 21 42
 59  1 41 21 49 60 27 23 14 11 42 48 28 14  4 59 54 23 50 52 52 42 62 40
 24 31 48 17 62 47 49  0 26 20 52 31 35 11 29 51  7  6 51 56 14 49  7 54
 53 11 40 38  2 52 12 38 14  7 21 63 26 37 54 21 45 42 46 39 51  7 29  1
 38  4 23  0 37 45 46 62 63 63 40 49 63 33 43 63  5 17 19 32 39 46 17 25
 51 47 49 24 62 12 47 15  0 29 13 59 11  2  2  1 45 26  5 10 31 15  1 45
 55 36 44  2 48 24  6 42 54 35 55 14 47 54 32  9 43 14 41  1 58 52 55 35
 48 55 61 62 37  5 15 50 25 36 27 24 35 12 18 25 63 62 22 33  3 31 55 43
 12 42 45 43 31 46 30 57 49 33 40 54 61 48 63  8 62 35 58 51 34 10  0 16
 63 45 21  9 39 58 30 44  9 33  0 44 17 50 12 14  7 48  0  0 50 48 43 46
  7 19 38  7 23 51 57 40 41 52 59 48 58 58 60 17 35 24 60 56 38  2 53 44
 19 55 24 39 39 55 12 21 49 45 19 60 44 26 47  5 55 54 54  9  7 42  8 52
 15 35 45 31 44 26 24 25 53 60  6 57 17 32 59 36 23 11 44 34 57 15 62 10
 41 56 30 10 56 30 45  4 31 20 12 56 43  7 36  4 35  0 41 56 50  0 33 52
 59 14 29 30 52 30 45 55 32 45 49 31 11 59 53 63 61 19  8 35 42 35 28 27
 12 10 30  6 39 40 34 42 19 47 36 36 48 40 47 41 46 32 26  7 49 58 59 28
  4 52 33 33 62 44 47 34 38 58 59 38 47 52 50 26 51  1 45 23 48 59 56  0
 32  4  8  1 10 56 27 43 62 17 50 47 20 40 26 21  7 19 62 45 48 24 31  3
 25 35  0  1 36 11 38 35 36  2 13  7  6 18 46 54 18 57 40  8 19  9 33 38
 14 35 49 27 59 31  9 62 33 22  0 56 22 15 50  8 39 53 52 29 19 62 62 39
 22  0 36  4 24 49 27 43 46  5 11 10 47 48 54 29 11  2 38  7 44 53 57 58
  5 54 19 31 30 44 23 56 29 44 50  9 44 31 62 31 33  6  9 25 14 16 53 10
 57  6 42 19 28 22 34 36 61 39 30  0 46 19  4 19 35 61 57 20 31 42  5 23
 11 23 33 32 53 16 61 46 55 57 39  7 54 13  0 22 41 29 32 57 26  4  1 51
 40 18 46 21  4 23 11 24 30 63 13 40 38  4 10 28 54  3 11 21 53  9 25 28
 29 17 12 14 31  4 55 43 55 42 60 39 51 43 12 44 12 17 15  5 44 57 14 14
 63 23 15 31 14 21 29 55 50 62 41 63 52 62 31 28 30 40 36 40 40 19 27 14
  8 19 26 51 62  8 48 44 14 63 18 33 58 62 30  6 40 16 31 50  1 13 32 39
 52 56 42  9 45 29 26 33 21  9 42 47 57 29 45 56 11 44 62  5 31 11 37 43
 14 48 16 53  4 26  8 12 38  9 49 62 54 29 51 20 19 56 15 16 60 60 27 13
  5 23 21 44  4 48 50 22 24 62 44 53 25 39 15 10 45  0  7 55 11 45 38 61
 62 57 29 33 51 39 38 29 23 17 51 28 10 53  0 45 11 14 11 20  0  1 24  9
 27 18 33 59 45 10  3 34 40 51 20 14 17 23 52 60]

A to C similarity 0.019
B to C similarity 0.01
A to B_rec similarity 0.022
C to B_rec similarity 0.01
B to B_rec similarity 1.0

Cosine similarity between HV 0 and bundle: 0.2350
Cosine similarity between HV 1 and bundle: 0.2420
Cosine similarity between HV 2 and bundle: 0.2200
Cosine similarity between HV 3 and bundle: 0.2020
Cosine similarity between HV 4 and bundle: 0.2420
Cosine similarity between NOISE and bundle: 0.0200
